(1, 1, 0) : 183.589998
(1, 0, 0) : 183.236552
(1, 1, 1) : 183.556773
(1, 0, 1) : 183.109868
(1, 1, 2) : 183.559887
(1, 0, 2) : 183.144278
(2, 1, 0) : 93.143558
(2, 0, 0) : 92.815465
(2, 1, 1) : 93.130344
(2, 0, 1) : 92.922221
(2, 1, 2) : 92.736948
(2, 0, 2) : 92.585380
(4, 1, 0) : 46.496559
(4, 0, 0) : 46.127496
(4, 1, 1) : 46.827331
(4, 0, 1) : 46.017022
(4, 1, 2) : 46.536034
(4, 0, 2) : 46.107697
(8, 1, 0) : 39.537985
(8, 0, 0) : 23.247391
(8, 1, 1) : 25.898828
(8, 0, 1) : 49.217934
(8, 1, 2) : 25.478265
(8, 0, 2) : 80.141626
(16, 1, 0) : 33.544990
(16, 0, 0) : 34.327299
(16, 1, 1) : 33.215902
(16, 0, 1) : 34.242561
(16, 1, 2) : 33.092285
(16, 0, 2) : 35.509702
(32, 1, 0) : 18.574692
(32, 0, 0) : 26.113571
(32, 1, 1) : 18.514794
(32, 0, 1) : 20.489139
(32, 1, 2) : 20.819109
(32, 0, 2) : 22.949043
(64, 1, 0) : 37.271203
(64, 0, 0) : 13.795393
(64, 1, 1) : 33.414296
(64, 0, 1) : 14.732440
(64, 1, 2) : 30.951769
(64, 0, 2) : 15.402313
(80, 1, 0) : 41.977858
(80, 0, 0) : 21.682654
(80, 1, 1) : 46.391396
(80, 0, 1) : 20.851946
(80, 1, 2) : 45.861179
(80, 0, 2) : 22.207936
